image_width: 640
image_height: 480
camera_name: usb_cam1
camera_matrix:
  rows: 3
  cols: 3
  data: [684.2314171001943, 0, 285.6091742024267, 0, 679.1094529610364, 242.1267264350343, 0, 0, 1]
distortion_model: plumb_bob
distortion_coefficients:
  rows: 1
  cols: 5
  data: [-0.02303436354198635, -0.02834760260658774, 0.004708526701373518, -0.01167116254933684, 0]
rectification_matrix:
  rows: 3
  cols: 3
  data: [1, 0, 0, 0, 1, 0, 0, 0, 1]
projection_matrix:
  rows: 3
  cols: 4
  data: [676.323974609375, 0, 278.9519905357083, 0, 0, 678.3411865234375, 243.2210398805219, 0, 0, 0, 1, 0]