image_width: 640
image_height: 480
camera_name: usb_cam3
camera_matrix:
  rows: 3
  cols: 3
  data: [691.1202434166643, 0, 333.83421291975, 0, 693.2084039554105, 265.8864966042937, 0, 0, 1]
distortion_model: plumb_bob
distortion_coefficients:
  rows: 1
  cols: 5
  data: [-0.06456947263976727, 0.1604999812005869, 0.01178694397752908, 0.009219059111990663, 0]
rectification_matrix:
  rows: 3
  cols: 3
  data: [1, 0, 0, 0, 1, 0, 0, 0, 1]
projection_matrix:
  rows: 3
  cols: 4
  data: [690.8512573242188, 0, 337.6787603308385, 0, 0, 692.3347778320312, 269.4936096523852, 0, 0, 0, 1, 0]