image_width: 640
image_height: 480
camera_name: usb_cam0
camera_matrix:
  rows: 3
  cols: 3
  data: [723.7126335619289, 0, 294.906823713084, 0, 720.8694469881415, 221.62225500925, 0, 0, 1]
distortion_model: plumb_bob
distortion_coefficients:
  rows: 1
  cols: 5
  data: [0.01508507331478583, -0.01611407456836589, -0.00303513994507426, -0.007548967976347023, 0]
rectification_matrix:
  rows: 3
  cols: 3
  data: [1, 0, 0, 0, 1, 0, 0, 0, 1]
projection_matrix:
  rows: 3
  cols: 4
  data: [724.7904052734375, 0, 290.8529989965318, 0, 0, 725.4735717773438, 220.1280610724079, 0, 0, 0, 1, 0]