%YAML:1.0
aruco_bc_nmarkers: 1
aruco_bc_mInfoType: 1
aruco_bc_markers:
   - { id:42, corners:[ [ -1.0499999672174454e-01,
       -1.0499999672174454e-01, 0. ], [ 1.0499999672174454e-01,
       -1.0499999672174454e-01, 0. ], [ 1.0499999672174454e-01,
       1.0499999672174454e-01, 0. ], [ -1.0499999672174454e-01,
       1.0499999672174454e-01, 0. ] ] }
